planner:
  dt: 0.2
  t_plan: 3.0
  t_replan: 2.0
  max_acc_mag: 0.25
camera_matrix:
- [532.80990646, 0.0, 342.49522219]
- [0.0, 532.93344713, 233.88792491]
- [0.0,          0.0,          1.0]