image_width: 640
image_height: 480
camera_name: camera
camera_matrix:
  rows: 3
  cols: 3
  data: [869.80523251, 0, 307.82180607, 0, 841.39656039, 277.76870039, 0, 0, 1]
distortion_model: plumb_bob
distortion_coefficients:
  rows: 1
  cols: 5
  data: [0.00733659, -0.15572971, -0.01018359, -0.00380416, 0.17920533]
rectification_matrix:
  rows: 3
  cols: 3
  data: [1, 0, 0, 0, 1, 0, 0, 0, 1]
projection_matrix:
  rows: 3
  cols: 4
  data: [869.80523251, 0, 307.82180607, 0, 0, 841.39656039, 277.76870039, 0, 0, 0, 1, 0]
